N9: [0.8694526400000001, 0.13054736]
N5: [0.93286, 0.06714000000000002]
N6: [0.901104, 0.098896]
N1: [0.98, 0.02]
N8: [0.919787, 0.08021300000000002]
N7: [0.876852, 0.12314800000000001]
N3: [0.9116000000000001, 0.08839999999999999]
N4: [0.8764, 0.1236]
N2: [0.941, 0.059000000000000004]
